       0.0
       100.00000
       200.00000
       300.00000
       400.00000
       500.00000
       600.00000
       700.00000
       800.00000
       900.00000
       1000.0000
       1200.0000
       1300.0000
       1400.0000
       1600.0000
       1700.0000
       1900.0000
       2100.0000
       2400.0000
       2600.0000
       2900.0000
       3200.0000
       3500.0000
       3900.0000
       4300.0000
       4800.0000
       5300.0000
       5900.0000
       6500.0000
       7200.0000
       8000.0000
       8800.0000
       9800.0000
       10800.000
       12000.000
       13300.000
       14700.000
       16300.000
       18100.000
       20000.000
       22100.000
       24500.000
       27100.000
       30100.000
       33300.000
       36800.000
       40800.000
       45200.000
       50000.000
       55400.000
       61300.000
       67900.000
       75200.000
       83200.000
       92200.000
       102100.00
       113000.00
       125100.00
       138500.00
       153400.00
       169900.00
       188100.00
       208200.00
       230600.00
       255300.00
       282700.00
       313000.00
       346600.00
       383800.00
       424900.00
       470500.00
       521000.00
       576800.00
       638700.00
       707200.00
       783100.00
       867100.00
       960100.00
       1063000.0
       1177100.0
       1303300.0
       1443100.0
       1597900.0
       1769200.0
       1959000.0
       2169100.0
       2401800.0
       2659400.0
       2944600.0
       3260400.0
       3610100.0
       3997300.0
       4426100.0
       4900800.0
       5426400.0
       6008400.0
       6652900.0
       7366400.0
       8156500.0
       9031300.0
       10000000.
      10630000.0
      11771000.0
      13033000.0
      14431000.0
      15979000.0
      17692000.0
      19590000.0
      21691000.0
      24018000.0
      26594000.0
      29446000.0
      32604000.0
      36101000.0
      39973000.0
      44261000.0
      49008000.0
      54264000.0
      60084000.0
      66529000.0
      73664000.0
      81565000.0
      90313000.0
      100000000.
